features Tensor:
{
tensor dim:2,  Original shape:[1 512]
tensor data:
-0.085957  -0.023701  0.088540  -0.046505  -0.050471  0.015068  0.085421  0.019882  0.038215  -0.004090  0.018347  0.028703  0.031125  -0.019492  -0.021356  0.010722  
0.013584  0.025057  -0.011436  -0.041902  0.004960  0.042136  0.082590  -0.044655  0.039832  0.011294  0.000000  -0.020495  0.031858  -0.001337  0.030681  -0.027970  
0.030100  0.017546  -0.069643  -0.027393  -0.065058  0.036049  -0.058106  -0.063075  0.049514  0.029761  0.058362  0.032046  -0.020720  -0.040446  -0.075995  -0.055363  
0.014354  0.010685  0.047989  -0.008368  0.060694  0.030196  -0.013525  0.063107  -0.031909  0.000060  0.035641  0.028652  0.081354  -0.022680  0.044632  -0.042988  
-0.056485  -0.036562  0.013951  -0.007355  0.005478  -0.080099  0.043533  -0.027416  -0.042145  -0.041238  0.060295  0.023165  -0.065223  -0.005624  -0.059920  -0.006417  
0.047348  -0.058175  0.037473  -0.063345  -0.038453  -0.009091  -0.026294  0.005038  -0.020633  -0.039534  0.066396  0.017624  0.011601  -0.052125  0.012581  -0.031107  
0.013012  -0.030832  -0.031107  0.054254  0.001988  -0.065690  -0.078276  0.048355  0.015151  -0.062535  -0.036186  0.025048  -0.057474  -0.065228  -0.026861  -0.001740  
0.000861  0.038412  0.052431  -0.025492  0.010653  0.036246  0.017990  0.001901  0.098721  -0.129242  0.058482  0.058711  0.027265  -0.000948  0.020912  -0.068910  
0.031849  0.019140  0.027741  -0.022405  -0.043308  0.013919  0.020582  -0.065493  -0.016557  0.019740  0.016465  -0.018416  -0.054204  0.020472  -0.056155  -0.047613  
-0.014651  -0.048067  0.010882  -0.021704  0.005624  0.023225  0.021159  -0.042704  -0.048644  0.005239  -0.034258  -0.022217  -0.053979  -0.034130  -0.007882  0.050512  
-0.033077  0.041385  -0.058701  -0.046157  0.015151  -0.012398  0.005661  0.069620  -0.027324  0.104583  0.038256  -0.010790  0.021773  0.063671  0.043065  0.046354  
-0.062228  -0.061514  -0.017106  0.085425  -0.000027  0.034414  0.057185  -0.054552  -0.034744  0.022327  -0.027544  -0.020285  0.052812  -0.054918  -0.041838  0.040395  
-0.049285  -0.053819  -0.086424  -0.046129  -0.035247  -0.038641  -0.005070  -0.047861  0.004168  0.026912  -0.060593  0.003398  0.018640  0.021952  0.018819  0.040244  
0.020990  -0.009742  -0.016772  -0.024475  0.001525  -0.043959  -0.059104  0.008990  0.060185  -0.065484  0.050604  0.011734  -0.023111  0.014981  -0.003833  -0.073060  
0.097306  0.044284  -0.053471  -0.052949  -0.021017  -0.053631  -0.049129  -0.047096  0.035614  -0.029248  -0.026413  0.030269  -0.045397  0.087166  -0.017047  -0.030732  
0.046702  -0.048740  -0.034592  0.013438  -0.008052  -0.058129  -0.058967  0.033731  -0.017532  0.021604  -0.028437  0.045076  0.058463  0.029248  -0.005505  -0.001356  
0.050961  -0.045168  -0.049803  -0.045772  0.035344  0.017147  -0.060185  -0.084079  0.090514  0.067009  0.071452  0.043780  0.038435  -0.066877  -0.051612  0.069899  
-0.035028  -0.000087  -0.058234  -0.037679  0.061175  -0.063918  0.039085  0.052780  0.011358  -0.038701  -0.090038  -0.024988  0.095085  0.004447  -0.093628  -0.004942  
-0.012032  0.036553  0.025524  -0.059155  -0.039525  0.001594  -0.038037  -0.093363  0.011413  -0.000041  0.028950  -0.073692  0.016039  -0.022991  -0.018732  -0.037308  
0.027393  -0.007575  0.005061  -0.047462  -0.019314  0.037029  -0.058898  -0.066542  0.053425  0.007987  0.021613  -0.076733  0.078446  0.023921  0.023088  -0.000902  
-0.075148  0.005258  -0.037189  -0.014225  -0.026385  0.058761  -0.043244  0.015457  -0.115360  -0.054561  0.027800  0.062095  -0.066254  -0.073948  -0.006435  0.035426  
-0.043675  -0.020216  -0.061285  -0.041256  -0.006137  0.019621  -0.067513  -0.037803  -0.112113  -0.031634  -0.054515  0.065187  -0.010593  0.026889  0.022414  -0.023623  
0.064701  -0.005267  -0.027672  -0.044897  -0.009197  -0.008001  0.030058  0.007039  0.067980  -0.005972  0.062604  -0.019245  0.035444  -0.053595  -0.052184  -0.047938  
0.022396  -0.014097  0.006101  0.029664  0.006325  0.040139  -0.040496  -0.005940  0.026463  0.059265  0.020335  -0.031318  0.066286  0.013254  -0.019185  -0.032325  
0.021741  0.047838  -0.018008  0.003009  0.007731  -0.041581  -0.001200  0.006902  0.024068  -0.034739  0.046684  -0.025991  -0.054561  0.034492  -0.007841  0.008249  
0.013772  -0.044888  0.038751  -0.053384  -0.004049  0.047920  0.038962  -0.055752  0.009572  0.072047  -0.017844  -0.004575  0.064660  -0.046189  -0.054186  0.109154  
0.009279  0.039305  0.039704  0.053673  0.068274  0.043890  0.035939  -0.075116  0.035692  0.058463  0.088293  -0.031011  0.048328  0.069304  -0.026156  -0.046216  
-0.044838  0.009407  -0.088599  0.031932  -0.030205  -0.016218  -0.052404  0.042346  0.036763  0.027255  -0.064019  0.078551  -0.047595  -0.006705  -0.024416  0.012100  
0.039635  -0.047462  0.033759  -0.085966  -0.002592  -0.053723  -0.045397  -0.004713  0.008720  0.063455  0.000673  0.033892  0.075753  0.012297  -0.016740  0.002711  
0.048841  0.041224  0.032545  0.033942  0.004841  0.057611  0.056059  0.021929  -0.030287  -0.059723  -0.013346  -0.054602  0.072441  0.021265  -0.030942  0.033901  
0.020248  -0.040011  0.041948  0.059897  0.049917  0.014377  0.061495  -0.034235  0.051007  -0.019556  0.014592  -0.053366  0.013754  0.037423  -0.025249  0.046771  
-0.093798  0.019131  -0.003765  -0.015979  0.014702  0.018297  -0.057433  -0.054442  0.017642  -0.021517  0.046624  -0.075176  -0.076719  0.081294  -0.047265  0.032733  
}

