features Tensor:
{
tensor dim:2,  Original shape:[1 512]
tensor data:
-0.043578  -0.031066  0.076037  -0.073911  -0.063927  0.064335  0.088764  0.047829  0.029967  -0.034789  0.010680  0.015041  -0.004910  -0.039195  0.040670  0.033012  
0.074905  0.076975  -0.017500  -0.067490  -0.002139  0.079252  0.067467  -0.061188  0.060222  0.027407  0.027045  -0.017560  0.025712  -0.060877  0.056993  0.001837  
-0.008926  0.017615  -0.046423  -0.066826  -0.067884  0.014697  -0.038962  -0.042965  0.059379  0.045923  0.024182  0.025854  -0.066107  -0.078505  -0.040853  -0.052935  
-0.024988  -0.013809  0.041513  -0.021164  0.022703  0.047467  0.037950  0.038637  -0.054634  0.036415  -0.022071  0.066020  0.031528  -0.066011  0.039662  -0.042039  
-0.028474  -0.022185  0.050833  -0.019286  0.032976  -0.044206  0.049917  -0.057039  0.013351  -0.037350  0.036809  -0.075615  -0.059164  -0.004910  -0.069171  -0.044650  
0.045131  -0.060144  0.059961  -0.032628  -0.034396  0.030663  -0.070426  0.042236  0.001470  -0.009444  0.054607  0.034707  -0.025579  -0.010511  0.017344  -0.071214  
0.037798  -0.022882  -0.076023  0.062068  -0.026060  -0.015380  -0.044041  0.036374  -0.009403  -0.067788  -0.009467  0.044110  -0.099930  -0.047696  -0.004548  0.010062  
-0.014981  0.068416  0.023321  -0.031492  0.032444  0.045868  0.003499  -0.036525  0.067870  -0.092547  0.041032  0.062549  0.065026  0.036099  0.018352  -0.059169  
0.041788  0.018366  0.070509  -0.016731  -0.027764  0.014972  0.006865  -0.052193  -0.005162  0.021787  0.001635  -0.007731  -0.068356  0.031661  -0.040853  -0.006119  
-0.009261  -0.079192  -0.046175  -0.016657  -0.004342  -0.047540  0.047077  -0.016259  -0.055935  -0.005391  -0.050027  -0.062544  -0.005638  -0.019579  -0.009142  0.010726  
-0.006023  0.067238  -0.041320  -0.022497  0.015961  -0.009897  0.013612  0.067774  -0.028419  0.073009  0.046684  -0.032412  0.006279  0.079614  0.001200  0.073559  
-0.066794  -0.072551  -0.015343  0.065237  -0.027530  0.067106  0.040963  -0.066359  0.001067  0.040418  -0.016346  -0.017028  0.024727  -0.027228  0.002753  0.010928  
-0.017500  -0.055147  -0.043111  -0.016799  -0.034968  0.027878  0.007649  -0.007447  -0.016117  0.048946  -0.037666  0.048259  0.078949  -0.032087  0.019350  0.038774  
0.033516  -0.018210  -0.066167  -0.042585  -0.023692  -0.040876  -0.038156  0.062356  0.063300  -0.078446  -0.000829  0.053169  0.002056  0.020166  0.002949  -0.035811  
0.100466  0.069052  -0.031194  -0.026335  0.014431  -0.035041  -0.026051  -0.055418  -0.000050  -0.063126  -0.035765  0.041861  -0.028455  0.062173  0.014876  -0.017702  
0.043436  -0.057039  -0.045255  0.037276  -0.055189  -0.053128  -0.051689  0.049940  -0.014129  0.038948  0.009787  0.019135  0.044792  0.070101  -0.003417  0.041462  
0.027319  -0.043075  -0.005821  -0.033983  0.052711  0.037350  -0.049596  -0.024397  0.071484  0.049748  0.055706  0.039154  0.024004  0.003948  -0.032183  0.067225  
-0.041247  0.018100  -0.006192  -0.044746  0.042369  0.020399  0.021695  -0.002395  -0.020289  -0.068402  -0.017958  -0.039901  0.044229  0.003641  -0.024233  0.010451  
-0.001988  0.048245  0.045845  -0.047632  -0.012654  -0.000605  -0.050192  -0.061115  0.001754  -0.010887  0.012462  -0.047403  0.026532  -0.050686  0.036548  -0.036315  
0.063607  -0.050109  0.041646  -0.020422  0.019891  0.033585  -0.013598  -0.021645  -0.007758  -0.013277  0.030558  -0.069084  0.061523  0.028455  0.020624  0.043752  
-0.026481  0.019025  -0.048561  -0.019387  0.014624  0.052303  -0.016983  -0.022199  -0.054827  -0.055821  0.004017  0.052074  -0.035005  -0.003055  -0.011885  0.013744  
0.045424  0.002043  -0.053228  -0.045580  -0.093981  0.035046  -0.038275  -0.069437  -0.053132  -0.060488  -0.032783  0.030136  0.064527  0.051447  0.013419  0.001621  
0.056457  -0.051300  -0.024343  -0.054259  -0.060827  0.011349  0.023825  -0.044192  0.043404  0.055569  0.012774  -0.045635  0.040862  -0.030594  -0.046326  -0.044806  
0.024123  -0.062604  0.024484  0.062915  0.028377  0.026747  -0.081725  0.020074  0.018773  0.029761  -0.045195  0.001576  0.078963  0.016712  -0.057785  -0.023665  
0.021343  0.078157  -0.016689  0.052734  0.010474  -0.081487  -0.077695  -0.085961  0.052816  -0.023857  0.064312  -0.019579  -0.069716  0.062773  0.008409  0.077227  
-0.011459  -0.068896  0.045310  -0.066034  -0.008409  0.070449  0.039768  -0.015984  0.034611  0.041655  -0.027429  0.028648  0.052688  -0.024343  -0.068159  0.053865  
0.007781  0.043340  0.060442  0.063433  0.037281  0.053879  0.023129  -0.050517  0.068773  -0.001008  0.078272  -0.030315  0.045603  0.053480  -0.002455  -0.082426  
-0.070664  0.025185  -0.038701  0.049931  0.007204  -0.037519  -0.019492  0.026541  0.051016  0.022391  -0.044847  0.036379  -0.051291  0.050384  -0.000962  -0.036882  
0.068136  -0.023546  0.036557  -0.055005  0.009371  0.024544  -0.024365  -0.014587  0.034515  0.082545  0.048923  0.016057  0.080598  0.009247  -0.020193  -0.006252  
0.033489  0.060488  0.060611  0.038023  -0.031386  0.044929  0.098744  0.027984  -0.093367  -0.053150  -0.051639  -0.024581  0.052747  -0.015769  0.024196  0.002175  
0.056531  -0.033109  0.036777  0.076375  0.035797  0.050361  0.061921  -0.033420  0.002730  -0.019721  0.060611  -0.029376  0.047320  0.000856  -0.048438  0.056993  
-0.040885  0.033393  -0.014193  -0.007804  -0.013039  0.048273  -0.043304  -0.038005  0.026875  0.009778  0.037487  -0.079032  -0.083722  0.031002  -0.062306  0.040524  
}

