features Tensor:
{
tensor dim:2,  Original shape:[1 512]
tensor data:
-0.014486  -0.051465  0.042342  -0.053338  -0.060744  0.006284  0.022043  0.030718  0.036663  -0.021645  0.019181  0.066922  -0.034396  -0.010296  0.008633  0.029504  
0.073747  0.037395  0.000275  -0.066148  0.027745  0.034464  0.084903  -0.071090  0.054804  0.014386  0.025506  -0.040437  0.014857  -0.092089  0.050453  -0.079897  
0.023614  0.036186  -0.050769  -0.048745  0.006471  0.045186  -0.050435  -0.022497  0.032083  0.049523  0.019112  0.014587  -0.053512  -0.032884  -0.024439  -0.069831  
0.003563  0.023628  0.034386  -0.021228  0.029009  0.057520  0.054836  0.015526  -0.022822  0.072098  -0.019882  0.013465  0.098071  -0.042809  0.052088  -0.085673  
-0.046345  -0.041723  0.021530  0.009623  0.022607  -0.011175  0.054900  -0.059801  -0.016767  -0.059388  0.044852  -0.012412  -0.053764  0.021137  -0.078088  -0.061202  
0.023037  -0.030379  0.055065  -0.048983  -0.048048  0.041701  -0.072322  0.009384  -0.001617  -0.035811  0.069066  0.052921  -0.009178  -0.005615  0.025231  -0.034583  
0.040670  -0.045062  -0.039525  0.014670  -0.039809  -0.028016  -0.053819  0.046908  0.010168  -0.011189  -0.010003  0.020930  -0.062869  -0.062713  -0.050054  0.023939  
0.018563  0.057950  0.043885  -0.040464  0.001603  0.045113  0.040079  -0.075308  0.059874  -0.077049  0.051337  0.013227  0.024347  0.027567  0.019341  -0.004768  
0.013749  0.019854  0.027127  -0.065095  -0.041614  0.034702  0.067284  -0.065883  -0.025794  0.039351  -0.042676  -0.031396  -0.060300  0.003618  -0.034162  -0.051905  
0.014775  -0.039818  -0.075895  -0.018054  0.025382  -0.026097  0.023720  -0.014940  -0.053824  0.013025  0.008271  -0.038554  -0.062407  -0.042323  0.011331  0.050471  
-0.009609  0.061078  -0.013616  -0.048062  0.026665  -0.035147  0.007328  0.085251  -0.023161  0.049138  0.003215  -0.047022  0.053297  0.048543  0.005766  0.031185  
-0.071649  -0.099033  -0.021301  0.056292  -0.045571  0.063451  0.022085  -0.029261  -0.010905  0.054886  -0.085416  -0.015970  0.049926  -0.018352  -0.023839  0.045978  
-0.007845  -0.046647  -0.063639  -0.051319  -0.025891  0.028107  0.017047  -0.057891  -0.017102  0.037121  -0.010222  0.058308  0.059205  0.000939  0.015164  0.045122  
0.064999  -0.038971  -0.039717  -0.049880  0.009535  -0.026124  -0.027077  0.051726  0.063904  -0.047961  0.006929  0.046326  -0.018604  0.028703  -0.023903  -0.045804  
0.053205  0.074521  -0.004200  -0.077030  -0.029857  -0.059943  -0.019204  -0.033608  0.035907  -0.066501  -0.043244  0.020326  -0.068081  0.065631  0.000751  -0.098176  
0.030035  -0.006673  -0.005821  0.037166  0.018604  -0.044435  -0.041243  0.015714  -0.014876  0.036695  0.025515  0.043473  0.027952  0.033704  -0.046313  -0.006192  
0.048534  0.008377  -0.050691  -0.057813  0.035096  0.059755  -0.018146  -0.067435  0.056334  0.070270  0.065974  0.051167  0.056279  -0.013048  -0.060016  0.026101  
-0.051057  0.027681  -0.026326  -0.016685  0.000366  -0.058152  0.029861  0.009975  -0.026005  -0.066171  -0.020811  -0.041925  0.053746  -0.051012  -0.024182  -0.015526  
0.002895  0.020614  0.047558  -0.067793  -0.019538  -0.048571  -0.060176  -0.044476  -0.042223  -0.019011  0.008143  -0.055266  0.068915  -0.041343  0.021526  -0.004287  
0.048644  -0.039681  0.053728  0.008166  -0.023683  0.087148  -0.070362  -0.009668  0.044307  0.015315  0.061491  -0.071850  0.040285  0.037322  0.050966  0.002707  
-0.045983  0.031006  -0.054699  0.007937  -0.011899  0.043175  -0.041211  0.009989  -0.068883  -0.054877  0.015260  0.052161  -0.097672  -0.044980  -0.006183  0.042035  
-0.005107  0.010772  -0.027292  -0.006000  -0.054818  0.007882  -0.061303  -0.068498  -0.029037  -0.023875  -0.041824  0.017940  0.053870  0.058308  0.039740  -0.023747  
0.049070  -0.047462  -0.036122  -0.049299  -0.043652  -0.006989  0.036768  0.006572  0.029403  0.009517  0.039759  -0.051002  0.065558  -0.008070  -0.016117  -0.051053  
0.025941  -0.028258  0.045438  0.055230  0.003554  0.051373  -0.033393  -0.045951  0.020935  0.028089  -0.049551  -0.026642  0.065219  0.041114  -0.037963  -0.018095  
0.041865  0.039232  -0.044641  0.029064  0.009403  -0.116125  -0.044691  -0.076879  0.034382  -0.035921  0.052551  0.005716  -0.075102  0.035124  -0.043707  0.063854  
-0.011065  -0.065860  0.055541  -0.055170  -0.015453  0.039791  0.048149  -0.042479  0.044476  0.051035  -0.038655  0.021943  0.086676  -0.005881  -0.074443  0.067165  
0.045497  0.044279  0.036388  0.111476  0.012027  0.107904  0.047787  -0.053031  0.053925  0.026541  0.042997  -0.039003  0.063254  0.071905  -0.008198  -0.059127  
-0.035609  -0.001466  -0.047375  0.058175  0.005523  -0.042960  -0.009508  0.018517  0.033887  0.042676  -0.055317  0.043359  -0.039566  0.066588  -0.031281  0.004250  
0.053979  -0.032362  0.051909  -0.080699  0.024443  -0.014876  -0.007845  -0.009801  -0.000133  0.026981  0.049047  0.011885  0.051190  0.018109  -0.064097  0.007438  
0.025098  0.044737  0.025588  0.041957  0.024970  0.026852  0.032472  0.002844  -0.061408  -0.024283  -0.021663  -0.042094  0.079412  -0.017541  -0.024842  -0.023939  
0.019465  -0.037002  0.079746  0.082416  0.039433  0.088595  0.003476  -0.036406  0.031299  -0.046674  0.060121  -0.037945  0.011056  0.024915  -0.058724  0.054474  
-0.096381  0.030283  0.051424  -0.015233  -0.012164  0.012810  -0.076408  -0.022620  -0.007273  0.020967  0.016763  -0.066813  -0.055051  0.029211  -0.045374  0.026660  
}

