features Tensor:
{
tensor dim:2,  Original shape:[1 512]
tensor data:
-0.067550  -0.056618  0.048658  -0.054772  -0.077314  0.059159  0.031103  0.048896  0.045937  -0.053723  0.012746  0.061830  -0.020088  -0.006604  0.006114  0.085883  
0.063126  0.054231  0.001012  -0.076366  0.009687  0.054895  0.089621  -0.041458  0.070275  0.043954  0.036873  -0.054282  0.033576  -0.072876  0.049757  -0.059361  
0.028396  0.036053  -0.076517  -0.079623  -0.002753  0.059173  -0.045635  -0.011848  0.022080  0.043166  0.033040  0.020289  -0.028039  -0.028217  -0.007438  -0.056279  
0.035018  0.034661  0.011161  -0.015352  0.015123  0.062228  0.006297  0.042562  -0.050288  0.058770  -0.012581  0.036676  0.088787  -0.026518  0.065356  -0.061143  
-0.058491  -0.039575  0.037304  -0.021352  -0.003559  -0.031107  0.042988  -0.058875  -0.011853  -0.056095  0.037689  -0.029568  -0.004685  -0.022062  -0.068553  -0.030956  
0.047306  -0.072615  0.047503  0.013525  -0.033287  0.048461  -0.045323  0.059141  0.048996  -0.043794  0.057337  0.053288  -0.010745  -0.008583  0.038531  -0.024942  
0.073797  -0.048442  -0.052551  0.048126  0.012952  -0.016286  -0.058253  0.047453  0.030269  -0.007213  -0.048342  0.025538  -0.065095  -0.034712  -0.082380  0.036827  
-0.026023  0.046033  0.050902  -0.053521  0.050948  0.042658  0.022437  -0.054410  0.039612  -0.047774  -0.000247  -0.003151  0.060492  0.011656  0.031483  -0.008276  
0.017367  -0.007983  -0.009682  -0.043230  -0.029371  0.064289  0.031469  -0.044595  -0.022712  0.032463  -0.003916  -0.006568  -0.075826  0.016799  -0.049152  -0.019694  
-0.003774  -0.061619  -0.009700  -0.039685  0.012751  -0.026152  0.045900  -0.044471  -0.051245  0.024645  -0.029165  -0.037670  -0.030970  -0.083200  0.002437  0.069620  
-0.016941  0.076215  -0.019795  -0.042181  0.040720  -0.011537  -0.003430  0.070151  -0.064486  0.037647  0.019414  -0.048378  0.020005  0.033466  0.003178  0.023399  
-0.068709  -0.098804  -0.016845  0.031803  -0.026413  0.062352  0.030672  -0.036887  0.005601  0.034638  -0.105912  -0.007557  0.070628  -0.036759  -0.029303  0.019305  
-0.007626  -0.024503  -0.021975  -0.010978  -0.013236  0.027919  0.034908  -0.035934  -0.027988  0.047902  0.002707  0.058275  0.084661  0.014999  0.047948  0.034908  
0.064207  -0.052605  -0.029248  -0.029660  -0.024251  -0.089282  -0.062521  0.049999  0.037876  -0.036182  0.035417  0.061449  0.000279  -0.008042  -0.024397  -0.060259  
0.034977  0.046496  0.010076  -0.015842  -0.045163  -0.077745  -0.036873  -0.029184  0.037336  -0.041064  -0.063373  0.063538  -0.039740  0.081189  0.015714  -0.052239  
0.066794  -0.033306  -0.032957  0.077974  0.031153  -0.044357  -0.059640  0.048854  -0.026532  0.034712  -0.003948  0.017899  0.043803  0.035999  -0.045067  0.035925  
0.008844  -0.055280  -0.044114  -0.094201  0.048149  0.038481  -0.007158  -0.038440  0.031377  0.057492  0.072570  0.044783  0.014949  -0.042181  -0.044458  0.072405  
-0.018540  0.026683  -0.023202  -0.026921  -0.016685  -0.022882  0.018572  0.032742  -0.046505  -0.034606  -0.009911  -0.035921  0.069890  -0.008418  -0.084184  -0.034918  
-0.030498  0.043670  0.061733  -0.064500  -0.042777  -0.034744  -0.041490  -0.042039  0.031872  -0.014976  0.001814  -0.042488  0.029820  -0.041742  0.008074  0.005052  
0.067587  -0.040308  0.085155  -0.010392  -0.018242  0.048520  -0.062045  -0.027168  0.056663  -0.016415  0.019121  -0.039772  0.026779  0.012796  -0.003293  0.043931  
-0.049738  0.039887  -0.083204  -0.008271  -0.031812  0.051740  -0.036205  0.020207  -0.042104  -0.042232  0.050256  0.054813  -0.043226  -0.013424  -0.019112  0.073838  
-0.013630  -0.010951  -0.036379  -0.017179  -0.069565  -0.009192  -0.036736  -0.045603  -0.037107  -0.084629  -0.053233  0.051703  0.067990  0.024855  0.039049  -0.009339  
0.060172  -0.016845  -0.036287  -0.076705  -0.061353  0.029156  0.063881  0.004397  0.039456  0.011606  0.074864  -0.038430  0.033434  -0.014583  -0.005968  -0.075693  
0.063950  -0.043624  0.048461  0.074727  0.029994  0.050590  -0.051905  -0.044659  0.046317  0.032394  -0.052459  0.014931  0.062063  0.065388  -0.018796  -0.019204  
0.002395  0.057259  -0.072565  0.038591  -0.017221  -0.042539  -0.026005  -0.063959  -0.012293  -0.041440  0.058573  -0.012187  -0.019337  0.036397  -0.045030  0.055917  
0.006755  -0.062173  0.033709  -0.037725  -0.030035  0.047036  0.064752  -0.051502  0.025675  0.039983  0.025570  -0.000852  0.074122  -0.035119  -0.067664  0.051538  
-0.003898  0.027297  0.026353  0.033956  0.013749  0.079385  0.032367  -0.068892  0.046148  -0.018173  0.035261  -0.052276  0.069171  0.037464  -0.032545  -0.026316  
-0.072221  -0.026871  -0.037904  0.045461  0.000879  -0.013341  -0.031936  0.022817  0.051126  0.039882  -0.051873  0.017885  -0.011354  0.055624  -0.022309  0.036795  
0.019240  -0.037148  0.048442  -0.033360  0.035481  -0.018095  -0.032147  -0.021906  -0.012178  0.069913  0.028629  -0.007740  0.031038  0.046903  -0.044842  -0.013108  
0.065997  0.053096  0.059714  0.088283  0.040276  0.037075  0.051831  -0.003930  -0.025139  -0.028437  -0.034803  -0.038577  0.069748  -0.043359  -0.029825  -0.018448  
0.009394  -0.014207  0.059453  0.066579  0.032266  0.022991  0.033823  -0.048113  0.063579  -0.052491  0.029921  -0.047563  -0.007992  0.002217  -0.028730  0.047389  
-0.075446  0.047618  0.027434  -0.057158  0.008510  0.036850  -0.079893  -0.014780  0.037304  0.011683  0.003879  -0.067651  -0.062984  0.008707  -0.063039  0.052555  
}

