features Tensor:
{
tensor dim:2,  Original shape:[1 512]
tensor data:
-0.051415  -0.044032  0.106805  -0.059512  -0.043322  0.042548  0.083612  0.030942  0.035334  -0.035554  0.019016  0.048342  0.028529  -0.013007  -0.015105  0.040116  
0.038252  0.016616  -0.043931  -0.064518  0.008963  0.037249  0.072702  -0.073417  0.064399  0.027416  0.077314  -0.016983  0.036269  -0.019937  0.040006  -0.033736  
-0.006623  0.042575  -0.048827  -0.056169  -0.048465  0.042621  -0.029935  -0.049138  0.090834  0.044769  0.055944  0.012389  -0.017560  -0.051653  -0.041966  -0.052976  
0.002450  0.012577  0.051021  -0.019501  0.047815  0.042772  0.032426  0.030461  -0.002464  0.031084  0.031157  0.004873  0.064738  -0.053842  0.068544  -0.064564  
-0.055381  -0.012751  0.002047  -0.018750  -0.034922  -0.051589  0.052551  -0.030667  -0.021988  -0.035747  0.047339  0.031116  -0.063231  0.009481  -0.048323  -0.011377  
0.030438  -0.059233  0.079600  -0.059292  -0.034799  0.042497  -0.063043  0.020495  0.000838  -0.038650  0.061372  0.021608  -0.010703  -0.010071  0.017363  -0.018856  
0.013323  -0.031753  -0.044934  0.028570  -0.012526  -0.044426  -0.081175  0.037780  0.020766  -0.064216  -0.022176  0.027796  -0.107364  -0.045168  -0.011839  0.010781  
-0.024228  0.050632  0.016772  -0.021388  0.004099  0.026555  -0.006728  -0.006270  0.063739  -0.097402  0.043757  0.062746  0.045580  0.016383  -0.002409  -0.071076  
0.034107  0.028707  0.063080  -0.030177  -0.038018  0.009481  0.046116  -0.038806  -0.007081  0.017615  -0.005807  -0.026197  -0.081244  0.020660  -0.023514  -0.040011  
-0.001182  -0.064564  0.005858  -0.015595  0.020798  -0.002606  0.018402  -0.022034  -0.021068  -0.010245  -0.006994  -0.043505  -0.000124  -0.048951  -0.000018  0.036397  
0.016538  0.036594  -0.059201  -0.029106  0.016273  0.002766  -0.007310  0.098964  -0.027837  0.082155  0.041407  -0.030722  0.015467  0.050297  0.031890  0.046212  
-0.072157  -0.055422  -0.026642  0.104423  -0.011803  0.049509  0.040322  -0.024965  -0.030443  0.004232  -0.044774  -0.019918  0.051868  -0.062416  -0.021237  0.011990  
-0.069125  -0.048800  -0.071351  -0.062475  -0.031139  -0.035431  0.021585  -0.061417  -0.007232  0.063758  -0.060694  0.027700  0.015137  0.004040  -0.001401  0.054135  
0.084858  -0.003774  -0.056874  -0.026701  -0.000756  -0.020646  -0.052280  0.027984  0.070357  -0.062663  0.029348  0.034844  -0.008427  0.021173  -0.007181  -0.050228  
0.083529  0.038289  -0.038128  -0.053036  0.011523  -0.070339  -0.037762  -0.067234  0.037496  -0.062210  -0.021956  0.016891  -0.040720  0.082572  -0.015073  -0.066034  
0.074012  -0.046175  -0.043560  0.040794  -0.014789  -0.053425  -0.066561  0.052216  0.010671  0.023225  -0.008015  0.044206  0.050773  0.039040  -0.028726  -0.003632  
0.064436  -0.018695  -0.043272  -0.055221  0.022946  0.033553  -0.052441  -0.087129  0.064889  0.083030  0.082975  0.050283  0.039328  -0.022950  -0.056654  0.046826  
-0.033365  0.001205  -0.019163  -0.019011  0.075089  -0.024379  0.020294  0.020624  0.015027  -0.045717  -0.043762  -0.023701  0.042058  -0.051657  -0.072409  -0.007131  
0.003046  0.035953  0.046775  -0.040262  -0.018590  -0.008551  -0.045461  -0.057007  -0.010781  -0.008029  0.020656  -0.018215  0.046345  -0.041284  0.022849  -0.021906  
0.017505  -0.023628  0.002175  -0.015938  -0.038806  0.045987  -0.057098  -0.041247  0.032078  0.016176  0.034858  -0.078491  0.103906  0.022978  0.024315  -0.001640  
-0.044600  0.032935  -0.042662  -0.019804  -0.011280  0.033154  -0.015970  0.013410  -0.110954  -0.030727  0.034753  0.064756  -0.066359  -0.042007  -0.003091  0.038224  
-0.009247  -0.006939  -0.023307  -0.010429  -0.033127  0.011271  -0.079696  -0.025625  -0.084963  -0.060410  -0.042236  0.030709  -0.007246  0.047535  0.025675  -0.028845  
0.022295  -0.027823  -0.035843  -0.062150  -0.034432  0.000595  0.053705  -0.027617  0.034116  0.041018  0.037702  -0.065223  0.025295  -0.039250  -0.029129  -0.053086  
0.021622  -0.021475  0.031139  0.046945  0.022863  0.037560  -0.063382  -0.031515  0.049990  0.052738  -0.028080  -0.021562  0.104519  0.026161  -0.002794  -0.028680  
0.023958  0.041320  -0.026660  -0.016937  0.004841  -0.058101  -0.043853  -0.013222  0.028071  -0.035779  0.064591  -0.004035  -0.058340  0.029806  0.007117  0.034542  
-0.000572  -0.065649  0.064541  -0.070751  -0.005322  0.055500  0.055880  -0.046244  0.021196  0.058358  -0.008674  0.005395  0.054071  -0.031167  -0.061628  0.130085  
0.028387  0.044691  0.026733  0.072217  0.028039  0.036392  0.034927  -0.066973  0.054286  0.053783  0.116675  -0.021370  0.055514  0.058546  -0.011816  -0.056778  
-0.035211  0.019410  -0.025987  0.036168  0.000820  -0.017798  -0.025611  0.032554  0.053989  0.022982  -0.069455  0.051758  -0.059311  0.050741  -0.031693  0.008945  
0.042736  -0.037940  -0.004887  -0.075876  -0.006517  -0.022332  -0.043780  -0.007090  0.004337  0.043954  -0.001905  0.037959  0.062260  -0.002922  -0.013355  -0.007044  
0.034437  0.030063  0.046235  0.031611  -0.020866  0.063171  0.075560  0.024837  -0.079494  -0.031515  -0.010713  -0.046510  0.084143  0.019818  0.012219  0.020166  
0.015434  -0.050425  0.020940  0.083740  0.058221  0.038930  0.038449  -0.029587  0.040304  -0.016717  0.040679  -0.066533  -0.000664  0.041352  -0.039626  0.046551  
-0.090692  0.030558  -0.002258  -0.030448  0.016062  0.031226  -0.060520  -0.053343  0.046400  -0.012920  0.035568  -0.088045  -0.116643  0.065274  -0.011033  0.042772  
}

