features Tensor:
{
tensor dim:2,  Original shape:[1 512]
tensor data:
-0.033365  -0.059961  0.054103  -0.046523  -0.056356  0.016085  0.020582  0.047819  0.039324  -0.042978  0.047247  0.027297  -0.006371  -0.008400  -0.000714  0.029348  
0.030425  0.050586  0.031098  -0.019318  -0.017111  0.044957  0.065919  -0.031460  0.017729  0.053123  -0.007062  -0.002949  -0.019932  -0.076559  0.058083  -0.077617  
0.064729  0.013726  -0.049848  -0.046203  -0.012888  -0.032522  -0.056073  -0.048383  -0.031574  0.052267  0.053242  0.044261  -0.051195  -0.004072  -0.062668  -0.033544  
0.036131  0.017212  0.020985  -0.047558  0.055363  0.054566  0.056214  0.065164  -0.035096  0.017376  0.043304  0.020766  0.064234  -0.012448  0.028602  -0.036177  
-0.041696  -0.015966  0.032005  -0.038696  0.066506  -0.014853  0.067779  -0.061449  -0.073765  -0.037643  0.033699  -0.045360  -0.043537  0.006962  -0.076481  -0.016080  
0.056819  0.003948  0.036072  -0.088778  -0.101258  0.010053  -0.027622  0.015952  -0.014399  -0.061518  0.063794  0.033127  -0.003087  -0.037377  0.038513  -0.059833  
0.070454  -0.082526  -0.022808  0.041549  -0.055537  -0.089094  -0.026884  0.070151  0.023198  -0.042218  -0.058257  -0.009394  -0.031016  -0.052986  -0.057822  0.030809  
0.001241  0.051896  0.030612  -0.042438  0.040592  0.064724  0.039282  -0.039099  0.080218  -0.051410  0.041714  0.026344  0.028414  0.055692  0.008729  0.011945  
0.028780  -0.005995  0.020692  -0.007987  -0.033965  0.025043  0.075093  -0.066886  -0.087944  -0.001786  -0.007855  -0.010392  -0.010300  0.012746  -0.087056  -0.052688  
-0.031354  -0.021828  -0.003815  -0.038151  0.009096  -0.032257  0.008326  -0.051474  -0.080671  0.006783  -0.035953  -0.062526  -0.065155  -0.054222  0.028922  0.085545  
-0.013983  0.087230  -0.040565  -0.082435  0.011335  -0.051177  -0.012480  0.064944  0.003004  0.066281  0.016662  -0.033924  0.025488  0.072959  0.006687  0.019373  
-0.047806  -0.028487  -0.016135  0.059173  -0.073444  0.025689  0.051364  -0.063863  -0.004269  0.041165  -0.090404  -0.013497  0.043226  -0.053210  -0.045410  0.018109  
-0.018544  -0.016350  -0.077401  -0.034231  0.025584  0.017074  0.003009  -0.012897  -0.020596  0.020358  -0.029687  0.023546  0.037675  0.034918  0.054474  0.013726  
0.016176  -0.048745  -0.018279  -0.063813  -0.027608  -0.030649  -0.050041  0.041948  0.005519  -0.058303  0.035710  0.062013  -0.007502  0.023358  -0.018384  -0.087583  
0.064307  0.021686  -0.020450  -0.083245  -0.008899  -0.015265  -0.042424  -0.003174  0.026156  -0.049244  -0.048960  -0.001795  -0.055981  0.054676  -0.029871  -0.068214  
0.034249  0.010447  -0.012265  0.002775  0.043652  -0.047110  -0.050119  0.017578  -0.029784  0.000023  -0.015041  0.035852  0.026770  0.001154  -0.091576  0.021420  
0.046835  -0.062026  -0.031748  -0.045667  0.056613  0.040409  -0.036814  -0.039630  0.054332  0.063542  0.056169  0.022598  0.025964  -0.042868  -0.041197  0.029202  
-0.030493  0.032820  -0.065269  0.014546  -0.000618  -0.070504  0.051002  0.099912  -0.077997  -0.031620  -0.061660  -0.054625  0.068118  0.010090  -0.036429  -0.017779  
-0.008212  0.026060  0.020912  -0.035279  -0.033988  -0.018434  -0.026605  -0.069176  0.003911  0.015219  -0.013062  -0.038334  0.028258  -0.043588  -0.014363  -0.008249  
0.058683  -0.005510  0.061582  0.011143  -0.033218  0.098923  -0.058262  -0.022987  0.072908  -0.019437  0.029939  -0.087180  0.014894  0.021636  0.027301  -0.005125  
-0.095341  0.020692  -0.080214  0.002157  0.017138  0.045145  -0.046739  0.046203  -0.075950  -0.049757  0.041646  0.081505  -0.032463  -0.064573  0.006815  0.030370  
-0.048268  -0.021265  -0.033672  -0.054163  -0.033965  -0.011120  -0.045264  -0.053114  -0.073426  -0.054914  -0.065356  0.076499  0.081175  0.021407  0.053828  0.006646  
0.049358  -0.029577  -0.040221  -0.037711  -0.061165  0.009339  0.031057  -0.030237  0.060625  0.011106  0.050549  -0.039337  0.042562  -0.070009  -0.013094  -0.003453  
0.031840  -0.049647  -0.004672  0.032637  0.007126  0.082526  -0.020358  -0.045053  -0.016012  0.026861  -0.018979  -0.036122  0.053494  0.031593  0.002208  -0.031707  
0.043272  0.061564  -0.035009  0.043711  0.005949  -0.105083  -0.024947  -0.040753  -0.011413  0.005693  0.057795  -0.023953  -0.071965  0.063785  -0.020248  0.025941  
0.012480  -0.008903  0.061697  -0.027814  -0.003678  0.083355  0.043267  -0.019795  0.020069  0.044050  -0.025368  -0.005239  0.070550  -0.016543  -0.096166  0.100402  
0.006888  0.011532  0.028799  0.100036  0.051474  0.061994  0.029573  -0.043881  0.045071  0.034441  0.011276  -0.032477  0.023344  0.054506  -0.008194  -0.046670  
0.010058  0.023133  -0.044165  0.079247  -0.017152  0.005931  -0.039937  0.031231  0.065842  0.052518  -0.041165  0.031144  -0.029834  0.017344  -0.013135  0.018833  
0.037913  -0.069950  0.060529  -0.088902  0.030562  -0.007722  -0.010516  -0.033365  0.015201  0.058811  0.023321  0.033525  0.022414  -0.012503  -0.051845  0.010149  
0.037157  0.015041  0.028423  0.046679  0.011235  0.029564  0.020427  0.032005  -0.006522  -0.064724  -0.005904  -0.034977  0.057854  -0.031707  -0.033901  -0.003069  
0.041774  -0.021324  0.051937  0.037070  0.031002  0.042726  0.032312  -0.051580  0.080621  -0.035531  0.033402  -0.030690  0.033012  0.049372  -0.013726  0.015471  
-0.113785  0.017166  0.028712  0.001250  0.007484  0.001085  -0.054914  -0.047998  0.016731  0.010800  0.047618  -0.042232  -0.042094  0.034657  -0.050499  0.010397  
}

